94 94 94 94 94 94 94 94 94 94 94 94 94 94 94 94 94 94 94 94 94 94 94 94 94 94 94 94 94 94 94 94 94 94 94 94 94 94 94 94 94 94 94 94 94 94 94 94 94 94 94 94 94 94 94 94 94 94 94 94 94 94 94 94 94 94 94 94 94 94 94 94 94 94 94 94 94 94 94 94 94 94 94 94 94 94 94 94 94 94 94 94 94 94 94 94 94 94 94 94 
94 94 94 94 94 94 94 94 94 94 94 94 94 94 94 94 94 94 94 94 94 94 94 94 94 94 94 94 94 94 94 94 94 94 94 94 94 94 94 94 94 94 94 94 94 94 94 94 94 94 94 94 94 94 94 94 94 94 94 94 94 94 94 94 94 94 94 94 94 94 94 94 94 94 94 94 94 94 94 94 94 94 94 94 94 94 94 94 94 94 94 94 94 94 94 94 94 94 94 94 
94 94 94 94 94 94 94 94 94 94 94 94 94 94 94 94 94 94 94 94 94 94 94 94 94 94 94 94 94 94 94 94 94 94 94 94 94 94 94 94 94 94 94 94 94 94 94 94 94 94 94 94 94 94 94 94 94 94 94 94 94 94 94 94 94 94 94 94 94 94 94 94 94 94 94 94 94 94 94 94 94 94 94 94 94 94 94 94 94 94 94 94 94 94 94 94 94 94 94 94 
94 94 94 94 94 94 94 94 94 94 94 94 94 94 94 94 94 94 94 94 94 94 94 94 94 94 94 94 94 94 94 94 94 94 94 94 94 94 94 94 94 94 94 94 94 94 94 94 94 94 94 94 94 94 94 94 94 94 94 94 94 94 94 94 94 94 94 94 94 94 94 94 94 94 94 94 94 94 94 94 94 94 94 94 94 94 94 94 94 94 94 94 94 94 94 94 94 94 94 94 
94 94 94 94 94 94 94 94 94 94 94 94 94 94 94 94 94 94 94 94 94 94 94 94 94 94 94 94 94 94 94 94 94 94 94 94 94 94 94 94 94 94 94 94 94 94 94 94 94 94 94 94 94 94 94 94 94 94 94 94 94 94 94 94 94 94 94 94 94 94 94 94 94 94 94 94 94 94 94 94 94 94 94 94 94 94 94 94 94 94 94 94 94 94 94 94 94 94 94 94 
94 94 94 94 94 94 94 94 94 94 94 94 94 94 94 94 94 94 94 94 94 94 94 94 94 94 94 94 94 94 94 94 94 94 94 94 94 94 94 94 94 94 94 94 94 94 94 94 94 94 94 94 94 94 94 94 94 94 94 94 94 94 94 94 94 94 94 94 94 94 94 94 94 94 94 94 94 94 94 94 94 94 94 94 94 94 94 94 94 94 94 94 94 94 94 94 94 94 94 94 
94 94 94 94 94 94 94 94 94 94 94 94 94 94 94 94 94 94 94 94 94 94 94 94 94 94 94 94 94 94 94 94 94 94 94 94 94 94 94 94 94 94 94 94 94 94 94 94 94 94 94 94 94 94 94 94 94 94 94 94 94 94 94 94 94 94 94 94 94 94 94 94 94 94 94 94 94 94 94 94 94 94 94 94 94 94 94 94 94 94 94 94 94 94 94 94 94 94 94 94 
94 94 94 94 94 94 94 94 94 94 94 94 94 94 94 94 94 94 94 94 94 94 94 94 94 94 94 94 94 94 94 94 94 94 94 94 94 94 94 94 94 94 94 94 94 94 94 94 94 94 94 94 94 94 94 94 94 94 94 94 94 94 94 94 94 94 94 94 94 94 94 94 94 94 94 94 94 94 94 94 94 94 94 94 94 94 94 94 94 94 94 94 94 94 94 94 94 94 94 94 
94 94 94 94 94 94 94 94 94 94 94 94 94 94 94 94 94 94 94 94 94 94 94 94 94 94 94 94 94 94 94 94 94 94 94 94 94 94 94 94 94 94 94 94 94 94 94 94 94 94 94 94 94 94 94 94 94 94 94 94 94 94 94 94 94 94 94 94 94 94 94 94 94 94 94 94 94 94 94 94 94 94 94 94 94 94 94 94 94 94 94 94 94 94 94 94 94 94 94 94 
94 94 94 94 94 94 94 94 94 94 94 94 94 94 94 94 94 94 94 94 94 94 94 94 94 94 94 94 94 94 94 94 94 94 94 94 94 94 94 94 94 94 94 94 94 94 94 94 94 94 94 94 94 94 94 94 94 94 94 94 94 94 94 94 94 94 94 94 94 94 94 94 94 94 94 94 94 94 94 94 94 94 94 94 94 94 94 94 94 94 94 94 94 94 94 94 94 94 94 94 
94 94 94 94 94 94 94 94 94 94 94 94 94 96 93 93 93 93 93 93 93 93 93 93 93 93 93 93 93 93 93 93 93 93 95 94 94 94 94 94 94 94 94 94 94 94 94 94 94 94 94 94 94 94 94 94 94 94 94 94 94 94 96 93 93 93 93 93 93 93 93 93 93 93 93 93 93 93 93 93 93 93 93 93 93 93 93 93 95 94 94 94 94 94 94 94 94 94 94 94 
94 94 94 94 94 94 94 94 94 94 94 94 94 91 45 45 45 45 45 45 45 45 45 45 45 45 45 45 45 45 45 45 45 45 90 93 95 94 94 94 94 94 94 94 94 94 94 94 94 94 94 94 94 94 94 94 94 94 94 94 94 94 91 45 45 45 45 45 45 45 45 45 45 45 45 45 45 45 45 45 45 45 45 45 45 45 40 45 89 94 94 94 94 94 94 94 94 94 94 94 
94 94 94 94 94 94 94 94 94 94 94 96 93 92 45 45 45 45 45 45 45 45 45 45 45 40 45 45 45 45 45 45 45 45 45 45 89 94 94 94 94 94 94 94 94 94 94 94 94 94 94 94 94 94 94 94 94 94 94 94 94 96 92 45 45 45 45 45 45 45 40 45 45 45 45 45 45 45 45 45 45 45 45 45 45 45 45 45 89 94 94 94 94 94 94 94 94 94 94 94 
94 94 94 94 94 94 94 94 94 94 96 92 45 45 45 40 40 45 45 45 45 45 45 45 45 45 45 45 45 45 45 45 45 45 45 45 90 93 95 94 94 94 94 94 94 94 94 94 94 94 94 94 94 94 94 94 94 94 94 96 93 92 45 45 45 45 45 45 45 45 45 45 45 45 45 45 45 45 40 45 45 45 45 45 45 45 45 45 90 95 94 94 94 94 94 94 94 94 94 94 
94 94 94 94 94 94 94 94 94 96 92 45 45 40 40 40 40 40 40 45 45 45 45 45 45 45 45 45 45 45 45 45 45 45 45 45 45 45 89 94 94 94 94 94 94 94 94 94 94 94 94 94 94 94 94 94 94 94 94 91 45 45 45 45 45 45 45 45 45 45 45 45 45 45 45 45 45 45 45 45 45 45 45 45 45 45 45 45 45 89 94 94 94 94 94 94 94 94 94 94 
94 94 94 94 94 94 94 94 96 92 45 41 40 40 44 41 42 45 40 45 45 45 45 45 45 45 45 45 45 45 45 45 45 45 45 45 45 45 90 95 94 94 94 94 94 94 94 94 94 94 94 94 94 94 94 94 94 96 93 92 45 45 45 45 45 45 45 45 45 45 45 45 45 45 45 45 45 45 45 45 45 45 45 45 45 45 40 45 45 90 95 94 94 94 94 94 94 94 94 94 
94 94 94 94 94 94 94 94 91 45 45 41 40 42 41 44 42 42 40 45 45 45 45 45 45 45 45 45 45 45 45 40 45 45 45 45 45 45 45 89 94 94 94 94 94 94 94 94 94 94 94 94 94 94 94 94 96 92 45 45 45 45 45 45 45 45 45 45 45 45 45 45 45 45 45 45 45 45 45 45 45 45 45 45 45 45 45 45 45 45 89 94 94 94 94 94 94 94 94 94 
94 94 94 94 94 94 94 94 91 45 40 40 40 42 44 45 45 42 40 40 45 45 45 45 45 45 45 45 45 45 45 45 45 45 45 45 45 45 45 90 95 94 94 94 94 94 94 94 94 94 94 94 94 94 94 96 92 45 45 45 45 45 45 45 45 45 45 45 45 45 45 45 45 45 45 45 45 45 45 45 45 45 45 45 45 45 45 45 45 45 90 95 94 94 94 94 94 94 94 94 
94 94 94 94 94 94 94 94 91 45 40 45 42 44 44 45 44 42 42 45 40 45 45 45 45 40 45 45 45 45 45 45 45 45 45 45 45 45 45 45 89 94 94 94 94 94 94 94 94 94 94 94 94 94 96 92 45 45 45 45 45 45 45 45 45 45 45 45 45 45 45 45 45 45 45 45 45 45 45 45 45 45 45 45 45 45 45 45 45 45 45 89 94 94 94 94 94 94 94 94 
94 94 94 94 94 94 94 94 91 40 40 42 45 41 44 44 44 44 42 42 40 45 45 45 45 45 45 45 45 45 45 45 45 45 45 45 45 45 45 45 90 95 94 94 94 94 94 94 94 94 94 94 94 94 91 45 45 45 45 45 45 45 45 45 45 45 45 45 45 45 45 45 45 45 45 45 45 45 45 45 45 45 45 45 45 45 45 45 45 45 45 89 94 94 94 94 94 94 94 94 
94 94 94 94 94 94 94 94 91 40 41 42 45 45 44 41 44 44 42 42 40 45 45 45 45 45 45 45 45 45 45 45 45 45 45 45 45 45 45 45 45 90 95 94 94 94 94 94 94 94 94 94 94 94 91 45 45 45 45 45 45 45 45 45 45 45 45 45 45 45 45 45 45 45 45 45 45 45 45 45 45 45 45 45 45 45 45 45 45 45 45 89 94 94 94 94 94 94 94 94 
94 94 94 94 94 94 94 94 91 45 41 41 41 41 44 44 44 41 42 45 40 45 45 45 45 45 45 45 45 45 45 45 45 45 45 45 45 45 45 45 45 45 90 95 94 94 94 94 94 94 94 94 94 94 91 45 45 45 45 45 45 40 45 45 45 45 45 45 45 45 45 45 45 45 45 45 45 45 45 45 45 45 45 45 45 45 45 45 45 45 45 89 94 94 94 94 94 94 94 94 
94 94 94 94 94 94 94 94 91 45 45 41 42 41 42 41 45 42 45 41 40 45 45 45 45 45 45 45 45 45 45 40 45 45 45 40 45 45 45 45 45 45 45 90 95 94 94 94 94 94 94 94 94 96 92 45 45 45 45 45 45 45 45 45 45 45 45 45 45 45 45 45 45 45 45 45 45 45 45 45 45 45 45 45 40 45 45 45 45 45 45 89 94 94 94 94 94 94 94 94 
94 94 94 94 94 94 94 94 91 45 45 45 41 40 42 42 42 41 41 40 40 45 45 45 45 45 45 45 45 45 45 45 45 45 45 45 45 45 45 45 45 45 45 45 89 94 94 94 94 94 94 94 94 91 45 45 45 45 45 45 45 45 45 45 45 45 45 45 45 45 45 45 45 45 45 45 45 45 45 45 45 45 45 45 45 45 45 45 45 45 45 89 94 94 94 94 94 94 94 94 
94 94 94 94 94 94 94 94 97 86 45 45 40 40 40 40 45 41 40 40 45 45 45 45 45 45 45 45 45 45 45 45 45 45 45 45 45 45 45 45 45 45 45 45 89 94 94 94 94 94 94 94 94 91 45 45 45 45 45 45 45 45 45 45 45 45 45 40 45 45 45 45 45 45 45 40 45 45 45 45 45 45 45 45 45 45 45 45 45 45 88 98 94 94 94 94 94 94 94 94 
94 94 94 94 94 94 94 94 94 91 45 45 45 45 45 40 40 40 40 45 45 45 45 45 45 45 45 45 45 45 45 45 45 45 45 45 45 45 45 45 45 45 45 45 89 94 94 94 94 94 94 94 94 91 45 45 45 45 45 45 45 45 45 45 45 45 45 45 45 45 45 45 45 45 45 45 45 45 45 45 45 45 45 45 45 45 45 45 45 88 98 94 94 94 94 94 94 94 94 94 
94 94 94 94 94 94 94 94 94 97 86 45 45 45 45 45 45 45 45 45 45 45 45 45 45 45 45 40 45 45 45 45 45 45 45 45 45 45 45 40 45 45 45 45 89 94 94 94 94 94 94 94 96 92 45 45 45 45 45 45 45 45 45 45 45 45 45 45 45 45 45 45 45 45 45 45 45 45 45 45 45 45 45 45 45 45 45 45 88 98 94 94 94 94 94 94 94 94 94 94 
94 94 94 94 94 94 94 94 94 94 91 45 45 45 45 45 45 45 45 45 45 45 45 45 45 45 45 45 45 45 45 45 45 45 45 45 45 45 45 45 45 45 45 45 89 94 94 94 94 94 94 96 92 45 45 45 45 45 45 45 45 45 45 45 45 45 45 45 45 45 45 45 45 45 45 45 45 45 45 45 45 45 45 88 87 87 87 87 98 94 94 94 94 94 94 94 94 94 94 94 
94 94 94 94 94 94 94 94 94 94 97 87 86 45 45 45 45 45 45 45 45 45 45 45 45 45 45 45 45 45 45 45 45 45 45 45 45 45 45 45 45 45 45 45 89 94 94 94 94 94 94 91 45 45 45 45 45 40 45 45 45 45 45 45 45 45 45 45 40 45 45 45 45 45 45 45 45 45 45 45 45 45 45 89 94 94 94 94 94 94 94 94 94 94 94 94 94 94 94 94 
94 94 94 94 94 94 94 94 94 94 94 94 91 45 45 45 45 45 45 45 45 45 45 45 45 45 45 45 45 45 45 45 45 45 45 45 45 45 45 45 45 45 45 45 89 94 94 94 94 94 94 91 45 45 45 45 45 45 45 45 45 45 45 45 45 45 45 45 45 45 45 45 45 45 45 45 45 45 45 45 45 45 45 89 94 94 94 94 94 94 94 94 94 94 94 94 94 94 94 94 
94 94 94 94 94 94 94 94 94 94 94 94 91 45 45 45 45 45 45 45 40 45 45 45 45 45 45 45 45 45 45 45 45 45 45 45 45 45 45 45 45 45 45 45 89 94 94 94 94 94 94 91 45 45 45 45 45 45 45 45 45 45 45 45 45 45 45 45 45 45 45 45 45 45 45 45 45 45 45 45 45 45 45 89 94 94 94 94 94 94 94 94 94 94 94 94 94 94 94 94 
94 94 94 94 94 94 94 94 94 94 94 94 91 45 45 45 45 45 45 45 45 45 45 45 45 45 45 45 45 45 45 45 45 45 45 45 45 45 45 45 45 45 45 45 89 94 94 94 94 94 94 91 45 45 45 45 45 45 45 45 45 45 45 45 45 45 45 45 45 45 45 45 45 45 45 45 45 45 45 45 45 88 87 98 94 94 94 94 94 94 94 94 94 94 94 94 94 94 94 94 
94 94 94 94 94 94 94 94 94 94 94 94 97 86 45 45 45 45 45 45 45 45 45 45 45 45 45 45 45 45 45 45 45 45 45 45 45 45 45 45 45 40 45 45 89 94 94 94 94 96 93 92 45 45 45 45 45 45 45 45 45 45 45 45 45 45 45 40 45 45 45 45 45 45 45 45 45 45 45 45 45 89 94 94 94 94 94 94 94 94 94 94 94 94 94 94 94 94 94 94 
94 94 94 94 94 94 94 94 94 94 94 94 94 91 45 45 45 45 45 45 45 45 45 45 45 45 45 45 45 45 45 45 45 45 45 45 45 45 45 45 45 45 45 45 89 94 94 94 94 91 45 45 45 45 45 45 45 45 40 45 45 45 45 45 45 45 45 45 45 45 45 45 45 45 45 45 45 45 45 45 88 98 94 94 94 94 94 94 94 94 94 94 94 94 94 94 94 94 94 94 
94 94 94 94 94 94 94 94 94 94 94 94 94 97 86 45 45 45 45 45 45 45 45 45 45 45 45 45 45 40 45 45 45 45 45 45 45 45 45 45 45 45 45 45 89 94 94 96 93 92 45 45 45 45 45 45 45 45 45 45 45 45 45 45 45 45 45 45 45 45 45 45 45 45 45 45 45 45 45 45 89 94 94 94 94 94 94 94 94 94 94 94 94 94 94 94 94 94 94 94 
94 94 94 94 94 94 94 94 94 94 94 94 94 94 97 86 45 45 45 45 45 45 45 45 45 45 45 45 45 45 45 45 45 45 45 45 45 45 45 45 45 45 45 45 90 93 93 92 45 45 45 45 45 45 45 45 45 45 45 45 45 45 45 45 45 45 45 45 45 45 45 45 45 45 45 45 45 45 45 45 89 94 94 94 94 94 94 94 94 94 94 94 94 94 94 94 94 94 94 94 
94 94 94 94 94 94 94 94 94 94 94 94 94 94 94 97 86 45 45 45 45 45 45 45 45 45 45 45 45 45 45 45 45 45 45 45 45 40 45 45 45 45 45 45 45 45 45 45 45 45 45 45 45 45 45 45 45 45 45 45 45 45 45 45 45 45 45 45 45 45 45 45 45 45 45 45 45 45 45 88 98 94 94 94 94 94 94 94 94 94 94 94 94 94 94 94 94 94 94 94 
94 94 94 94 94 94 94 94 94 94 94 94 94 94 94 94 97 86 45 45 45 45 45 45 45 45 45 45 45 45 45 45 45 45 45 45 45 45 45 45 45 45 45 45 45 45 45 45 45 45 45 45 45 45 45 45 45 45 45 45 45 45 45 45 45 45 45 45 45 45 45 45 45 45 45 45 45 45 45 89 94 94 94 94 94 94 94 94 94 94 94 94 94 94 94 94 94 94 94 94 
94 94 94 94 94 94 94 94 94 94 94 94 94 94 94 94 94 91 45 45 45 45 45 45 45 45 45 45 45 45 45 45 45 45 45 45 45 45 45 45 45 45 45 45 45 45 45 40 45 45 45 45 45 45 45 45 45 45 45 45 45 45 45 45 45 45 45 45 45 45 45 45 45 45 45 45 45 88 87 98 94 94 94 94 94 94 94 94 94 94 94 94 94 94 94 94 94 94 94 94 
94 94 94 94 94 94 94 94 94 94 94 94 94 94 94 94 94 91 45 45 45 45 45 45 45 45 45 40 45 45 45 45 40 45 45 45 45 45 45 45 45 45 45 45 45 45 45 45 45 45 45 45 45 45 45 45 45 45 45 45 45 45 45 45 45 45 45 45 40 45 45 45 45 45 45 45 88 98 94 94 94 94 94 94 94 94 94 94 94 94 94 94 94 94 94 94 94 94 94 94 
94 94 94 94 94 94 94 94 94 94 94 94 94 94 94 94 94 97 87 86 45 45 45 45 45 45 45 45 45 45 45 45 45 45 45 45 45 45 45 45 45 45 45 45 45 45 45 45 45 45 45 45 45 45 45 45 45 45 45 45 45 45 45 45 45 45 45 45 45 45 45 45 45 45 45 88 98 94 94 94 94 94 94 94 94 94 94 94 94 94 94 94 94 94 94 94 94 94 94 94 
94 94 94 94 94 94 94 94 94 94 94 94 94 94 94 94 94 94 94 91 45 45 45 45 45 45 45 45 45 45 45 45 45 45 45 45 45 45 45 45 45 45 45 40 40 45 45 45 45 45 45 45 45 40 45 45 45 45 45 45 45 45 45 45 45 45 45 45 45 45 45 45 45 45 45 89 94 94 94 94 94 94 94 94 94 94 94 94 94 94 94 94 94 94 94 94 94 94 94 94 
94 94 94 94 94 94 94 94 94 94 94 94 94 94 94 94 94 94 94 91 45 45 45 45 45 45 45 40 45 45 45 45 45 45 45 45 45 45 45 45 45 45 45 45 45 45 45 45 45 45 45 45 45 45 45 45 45 45 40 45 45 45 45 45 45 45 45 45 45 45 45 45 45 88 87 98 94 94 94 94 94 94 94 94 94 94 94 94 94 94 94 94 94 94 94 94 94 94 94 94 
94 94 94 94 94 94 94 94 94 94 94 94 94 94 94 94 94 94 94 91 45 45 45 45 45 45 45 45 45 45 45 45 45 45 45 45 45 45 45 45 45 45 45 45 45 45 45 45 45 45 45 45 45 45 45 45 45 45 45 45 45 45 45 45 45 45 45 45 45 45 88 87 87 98 94 94 94 94 94 94 94 94 94 94 94 94 94 94 94 94 94 94 94 94 94 94 94 94 94 94 
94 94 94 94 94 94 94 94 94 94 94 94 94 94 94 94 94 94 94 91 45 45 45 45 45 45 45 45 45 45 40 45 45 45 45 45 45 45 45 45 45 45 45 45 45 45 45 45 45 45 45 45 45 45 45 45 45 45 45 88 87 87 87 87 87 87 87 87 87 87 98 94 94 94 94 94 94 94 94 94 94 94 94 94 94 94 94 94 94 94 94 94 94 94 94 94 94 94 94 94 
94 94 94 94 94 94 94 94 94 94 94 94 94 94 94 94 94 94 94 97 86 45 45 45 45 45 45 45 45 45 45 45 45 45 45 45 45 45 45 45 45 45 45 45 45 45 45 45 45 45 45 45 45 45 45 88 87 87 87 98 94 94 94 94 94 94 94 94 94 94 94 94 94 94 94 94 94 94 94 94 94 94 94 94 94 94 94 94 94 94 94 94 94 94 94 94 94 94 94 94 
94 94 94 94 94 94 94 94 94 94 94 94 94 94 94 94 94 94 94 94 91 45 45 45 45 45 45 45 45 45 45 45 45 45 45 45 45 45 45 45 45 45 40 45 45 45 45 45 45 45 45 45 45 45 45 89 94 94 94 94 94 94 94 94 94 94 94 94 94 94 94 94 94 94 94 94 94 94 94 94 94 94 94 94 94 94 94 94 94 94 94 94 94 94 94 94 94 94 94 94 
94 94 94 94 94 94 94 94 94 94 94 94 94 94 94 94 94 94 94 94 91 45 45 45 45 45 45 45 45 45 45 45 45 45 45 45 45 45 45 45 45 45 45 45 45 45 45 45 45 45 45 45 45 45 88 98 94 94 94 94 94 94 94 94 94 94 94 94 94 94 94 94 94 94 94 94 94 94 94 94 94 94 94 94 94 94 94 94 94 94 94 94 94 94 94 94 94 94 94 94 
94 94 94 94 94 94 94 94 94 94 94 94 94 94 94 94 94 94 94 94 91 45 45 45 45 45 45 45 45 45 45 45 45 45 45 45 45 45 45 45 45 45 45 45 45 45 45 45 45 45 45 45 88 87 98 94 94 94 94 94 94 94 94 94 94 94 94 94 94 94 94 94 94 94 94 94 94 94 94 94 94 94 94 94 94 94 94 94 94 94 94 94 94 94 94 94 94 94 94 94 
94 94 94 94 94 94 94 94 94 94 94 94 94 94 94 94 94 94 94 94 91 45 45 45 45 45 45 45 45 45 45 45 45 45 45 45 45 45 45 45 45 45 45 45 45 45 45 45 45 45 45 88 98 94 94 94 94 94 94 94 94 94 94 94 94 94 94 94 94 94 94 94 94 94 94 94 94 94 94 94 94 94 94 94 94 94 94 94 94 94 94 94 94 94 94 94 94 94 94 94 
94 94 94 94 94 94 94 94 94 94 94 94 94 94 94 94 94 94 94 94 91 45 45 45 45 45 45 45 45 45 45 45 45 45 45 40 45 40 45 45 45 45 45 45 45 45 45 45 45 45 45 89 94 94 94 94 94 94 94 94 94 94 94 94 94 94 94 94 94 94 94 94 94 94 94 94 94 94 94 94 94 94 94 94 94 94 94 94 94 94 94 94 94 94 94 94 94 94 94 94 
94 94 94 94 94 94 94 94 94 94 94 94 94 94 94 94 94 94 94 94 91 45 45 45 45 45 45 45 45 45 45 45 40 45 45 45 45 45 45 45 45 45 45 45 45 45 45 45 45 45 45 89 94 94 94 94 94 94 94 94 94 94 94 94 94 94 94 94 94 94 94 94 94 94 94 94 94 94 94 94 94 94 94 94 94 94 94 94 94 94 94 94 94 94 94 94 94 94 94 94 
94 94 94 94 94 94 94 94 94 94 94 94 94 94 94 94 94 94 94 94 91 45 45 45 45 45 45 45 45 45 45 45 45 45 45 45 45 45 45 45 45 45 45 45 45 45 45 45 45 45 45 90 95 94 94 94 94 94 94 94 94 94 94 94 94 94 94 94 94 94 94 94 94 94 94 94 94 94 94 94 94 94 94 94 94 94 94 94 94 94 94 94 94 94 94 94 94 94 94 94 
94 94 94 94 94 94 94 94 94 94 94 94 94 94 94 94 94 94 94 96 92 45 45 45 45 45 45 45 45 45 45 45 45 45 45 45 45 45 45 45 45 45 40 45 45 45 45 45 45 45 45 45 89 94 94 94 94 94 94 94 94 94 94 94 94 94 94 94 94 94 94 94 94 94 94 94 94 94 94 94 94 94 94 94 94 94 94 94 94 94 94 94 94 94 94 94 94 94 94 94 
94 94 94 94 94 94 94 94 94 94 94 94 94 94 94 94 94 94 94 91 45 45 45 45 45 45 45 45 45 45 45 45 45 45 45 45 45 45 45 45 45 45 45 45 45 45 45 45 45 45 45 45 90 95 94 94 94 94 94 94 94 94 94 94 94 94 94 94 94 94 94 94 94 94 94 94 94 94 94 94 94 94 94 94 94 94 94 94 94 94 94 94 94 94 94 94 94 94 94 94 
94 94 94 94 94 94 94 94 94 94 94 94 94 94 94 94 94 94 94 91 45 45 45 45 45 45 40 45 45 45 45 45 45 45 45 45 45 40 45 45 45 45 45 45 45 45 40 45 45 45 45 45 45 89 94 94 94 94 94 94 94 94 94 94 94 94 94 94 94 94 94 94 94 94 94 94 94 94 94 94 94 94 94 94 94 94 94 94 94 94 94 94 94 94 94 94 94 94 94 94 
94 94 94 94 94 94 94 94 94 94 94 94 94 94 94 94 96 93 93 92 45 45 45 45 45 45 45 45 45 45 45 45 45 45 45 45 45 45 45 45 45 45 45 45 45 45 45 45 45 45 45 45 45 90 93 93 93 93 93 93 93 93 93 93 93 93 93 93 93 95 94 94 94 94 94 94 94 94 94 94 94 94 94 94 94 94 94 94 94 94 94 94 94 94 94 94 94 94 94 94 
94 94 94 94 94 94 94 94 94 94 94 94 94 94 94 96 92 45 45 45 45 45 49 68 68 68 68 68 68 68 55 45 45 45 45 45 45 45 45 45 45 45 45 45 45 45 45 45 45 45 45 45 45 45 45 45 45 45 45 45 45 45 45 45 45 45 45 45 45 90 95 94 94 94 94 94 94 94 94 94 94 94 94 94 94 94 94 94 94 94 94 94 94 94 94 94 94 94 94 94 
94 94 94 94 94 94 94 94 94 94 94 94 94 94 94 91 45 49 68 68 68 68 69 73 73 73 73 73 73 73 67 55 38 45 45 45 45 45 45 40 45 45 45 45 45 45 45 40 45 45 45 45 45 45 45 45 45 45 45 45 45 45 45 45 45 45 45 45 45 45 90 95 94 94 94 94 94 94 94 94 94 94 94 94 94 94 94 94 94 94 94 94 94 94 94 94 94 94 94 94 
94 94 94 94 94 94 94 94 94 94 94 94 94 94 94 91 45 65 73 73 73 73 73 73 73 73 73 73 73 73 73 67 55 45 45 45 45 45 45 45 45 45 45 49 52 55 45 45 45 45 45 45 45 49 52 55 45 45 45 45 45 45 45 40 45 45 45 45 45 45 45 89 94 94 94 94 94 94 94 94 94 94 94 94 94 94 94 94 94 94 94 94 94 94 94 94 94 94 94 94 
94 94 94 94 94 94 94 94 94 94 94 94 94 94 94 91 45 65 73 73 114 115 115 115 115 116 73 73 73 73 73 73 67 68 55 45 45 45 45 45 45 45 45 50 73 67 55 45 45 45 45 45 49 69 73 56 45 45 45 45 45 45 45 45 45 45 45 40 45 45 45 89 94 94 94 94 94 94 94 94 94 94 94 94 94 94 94 94 94 94 94 94 94 94 94 94 94 94 94 94 
94 94 94 94 94 94 94 94 94 94 94 94 94 94 94 91 45 65 73 73 118 12 12 12 12 117 73 73 73 73 73 73 73 73 56 45 45 45 45 45 45 45 45 50 76 73 67 55 45 45 45 49 69 73 73 56 45 45 45 45 45 45 45 45 45 45 45 45 45 45 45 89 94 94 94 94 94 94 94 94 94 94 94 94 94 94 94 94 94 94 94 94 94 94 94 94 94 94 94 94 
94 94 94 94 94 94 94 94 94 94 94 94 94 94 94 91 45 65 73 73 118 12 12 12 12 117 73 73 73 73 73 73 73 73 56 45 45 45 45 45 45 45 45 50 73 56 51 67 55 45 49 69 57 50 76 56 45 45 45 45 45 45 40 45 45 45 45 45 45 45 45 89 94 94 94 94 94 94 94 94 94 94 94 94 94 94 94 94 94 94 94 94 94 94 94 94 94 94 94 94 
94 94 94 94 94 94 94 94 94 94 94 94 94 94 94 91 45 65 73 73 118 12 12 12 12 117 73 73 73 73 73 73 73 73 56 45 45 45 45 45 45 40 45 50 73 56 38 51 67 68 69 57 45 50 73 56 40 45 45 45 45 45 45 45 45 45 45 45 45 45 45 89 94 94 94 94 94 94 94 94 94 94 94 94 94 94 94 94 94 94 94 94 94 94 94 94 94 94 94 94 
94 94 94 94 94 94 94 94 94 94 94 94 94 94 94 91 45 65 73 73 118 12 12 12 12 12 116 73 73 73 73 73 73 53 56 45 45 45 45 45 45 45 45 50 73 27 28 28 29 73 27 28 28 29 73 56 45 45 45 45 45 45 45 45 45 45 45 45 45 45 45 90 93 93 93 95 94 94 94 94 94 94 94 94 94 94 94 94 94 94 94 94 94 94 94 94 94 94 94 94 
94 94 94 94 94 94 94 94 94 94 94 94 94 94 94 91 45 65 73 73 1 2 2 2 2 13 117 73 73 73 73 73 73 53 56 45 45 45 45 45 45 45 45 50 73 26 25 25 24 73 26 25 25 31 53 56 45 45 45 45 45 45 45 45 45 45 45 45 45 45 45 45 45 45 45 89 94 94 94 94 94 94 94 94 94 94 94 94 94 94 94 94 94 94 94 94 94 94 94 94 
94 94 94 94 94 94 94 94 94 94 94 94 94 94 94 91 45 51 64 73 7 8 8 8 8 5 5 73 73 73 73 62 63 63 57 45 45 45 45 45 45 45 45 50 73 26 25 25 24 73 26 25 25 31 53 56 45 45 45 45 45 45 45 45 45 45 45 45 45 45 45 45 45 45 45 90 93 93 93 95 94 94 94 94 94 94 94 94 94 94 94 94 94 94 94 94 94 94 94 94 
94 94 94 94 94 94 94 94 94 94 94 94 94 94 94 91 45 45 65 73 73 73 73 73 73 7 9 73 73 73 62 57 45 45 45 45 45 45 45 45 45 45 45 50 76 26 25 25 24 73 26 25 25 31 76 56 45 45 45 45 45 45 45 45 45 45 45 45 45 45 45 45 45 45 45 45 45 45 45 89 94 94 94 94 94 94 94 94 94 94 94 94 94 94 94 94 94 94 94 94 
94 94 94 94 94 94 94 94 94 94 94 94 94 94 94 91 45 45 51 54 54 54 54 54 64 73 73 73 75 75 56 45 45 40 45 45 45 45 45 45 45 45 45 50 73 26 25 25 24 73 26 25 25 31 73 56 45 45 45 45 45 45 45 45 45 45 45 40 45 45 45 45 40 45 45 45 45 45 45 90 93 95 94 94 94 94 94 94 94 94 94 94 94 94 94 94 94 94 94 94 
94 94 94 94 94 94 94 94 94 94 94 94 94 94 94 97 86 45 45 45 45 45 45 45 51 54 54 54 54 54 57 45 45 45 45 45 45 45 45 45 45 45 45 50 73 20 18 18 19 74 21 22 22 23 73 56 45 45 45 45 45 45 45 45 45 45 45 45 45 45 45 45 45 45 45 45 45 45 45 45 45 89 94 94 94 94 94 94 94 94 94 94 94 94 94 94 94 94 94 94 
94 94 94 94 94 94 94 94 94 94 94 94 94 94 94 94 97 86 45 45 45 45 45 45 45 45 45 45 45 45 45 45 45 45 45 45 45 45 45 45 40 45 45 51 63 63 63 63 63 63 63 63 63 63 63 57 45 45 45 45 45 45 45 45 45 45 45 45 45 45 45 45 45 45 45 45 45 45 45 45 45 90 95 94 94 94 94 94 94 94 94 94 94 94 94 94 94 94 94 94 
94 94 94 94 94 94 94 94 94 94 94 94 94 94 94 94 94 97 86 45 45 45 45 45 45 45 45 45 40 45 45 45 45 45 45 45 45 45 45 45 45 45 45 45 45 45 45 45 45 45 45 45 45 45 45 45 45 45 45 45 45 45 45 45 45 45 45 45 45 45 49 68 68 68 68 68 55 45 45 45 45 45 90 95 94 94 94 94 94 94 94 94 94 94 94 94 94 94 94 94 
94 94 94 94 94 94 94 94 94 94 94 94 94 94 94 94 94 94 91 45 45 45 45 45 45 45 45 45 45 45 45 45 45 45 45 45 45 45 45 45 45 45 45 45 88 87 87 87 87 86 45 45 45 45 45 45 45 45 45 45 45 45 45 45 45 45 49 68 68 68 69 73 73 73 73 73 67 68 68 68 55 45 45 89 94 94 94 94 94 94 94 94 94 94 94 94 94 94 94 94 
94 94 94 94 94 94 94 94 94 94 94 94 94 94 94 94 94 94 91 45 45 45 45 45 45 45 45 45 45 45 45 45 45 45 45 45 45 45 45 45 45 45 45 45 89 94 94 94 94 91 45 45 45 45 45 45 45 45 45 45 45 45 45 45 40 49 69 73 73 73 73 73 73 73 73 73 73 73 73 75 56 45 45 90 93 93 93 93 95 94 94 94 94 94 94 94 94 94 94 94 
94 94 94 94 94 94 94 94 94 94 94 94 94 94 94 94 94 94 91 45 45 45 45 45 45 45 40 45 45 45 45 45 45 45 45 40 45 45 45 45 45 45 45 45 89 94 94 94 94 97 86 45 45 45 45 45 45 45 45 45 45 45 45 45 45 50 73 73 73 73 78 73 73 73 73 73 73 73 73 73 56 45 45 45 45 45 45 45 90 95 94 94 94 94 94 94 94 94 94 94 
94 94 94 94 94 94 94 94 94 94 94 96 93 93 93 93 93 93 92 45 45 45 45 45 45 45 45 45 45 45 45 45 45 45 45 45 45 45 45 45 45 45 88 87 98 94 94 94 94 94 97 87 87 86 45 45 45 45 45 45 45 45 45 45 45 50 73 73 73 73 73 73 73 73 73 73 73 73 73 73 67 68 68 68 55 45 45 45 45 90 95 94 94 94 94 94 94 94 94 94 
94 94 94 94 94 94 94 94 94 94 94 91 49 52 68 68 68 68 68 68 55 45 45 45 45 45 45 45 45 45 45 45 45 45 45 45 45 45 45 45 45 45 89 94 94 94 94 94 94 94 94 94 94 91 45 45 45 45 45 45 45 45 45 45 45 50 73 73 73 73 73 73 73 73 73 73 73 73 73 73 73 73 73 73 67 55 45 45 45 45 89 94 94 94 94 94 94 94 94 94 
94 94 94 94 94 94 94 94 94 94 94 91 65 84 73 74 73 73 73 77 66 45 104 39 45 45 45 45 45 40 102 45 45 45 45 45 45 45 45 45 88 87 98 94 94 94 94 94 94 94 94 94 94 91 45 45 45 45 45 45 45 45 45 45 45 50 73 73 75 73 73 73 73 73 73 22 22 22 22 22 22 22 22 22 73 67 55 45 45 45 89 94 94 94 94 94 94 94 94 94 
94 94 94 94 94 94 94 94 94 94 96 92 50 73 99 45 37 101 59 73 66 45 104 45 45 45 39 45 45 45 102 45 45 45 45 45 45 45 88 87 98 94 94 94 94 94 94 94 94 94 94 94 94 91 45 45 45 45 45 45 45 45 45 45 45 50 73 73 73 73 73 73 73 73 73 22 22 22 22 22 22 22 22 22 73 73 56 45 45 45 90 95 94 94 94 94 94 94 94 94 
94 94 94 94 94 94 94 94 94 96 92 45 50 73 104 41 45 102 60 73 66 45 104 45 45 45 45 45 39 103 102 45 45 45 45 45 45 45 89 94 94 94 94 94 94 94 94 94 94 94 94 94 94 97 86 45 45 45 45 45 45 45 45 45 45 50 73 73 73 73 73 73 73 73 73 73 73 73 73 22 22 73 73 73 73 73 56 45 45 45 45 89 94 94 94 94 94 94 94 94 
94 94 94 94 94 94 94 94 94 91 45 45 50 73 105 112 112 111 60 73 66 45 104 103 103 103 103 103 103 103 102 45 45 45 45 45 45 45 89 94 94 94 94 94 94 94 94 94 94 94 94 94 94 94 91 45 45 45 45 45 45 45 45 45 45 50 73 73 73 73 73 73 73 73 73 73 73 73 73 22 22 73 73 73 73 73 67 68 55 40 45 89 94 94 94 94 94 94 94 94 
94 94 94 94 94 94 94 94 96 92 45 45 50 73 106 106 106 110 60 73 66 45 105 112 112 112 112 112 112 112 111 103 40 40 45 45 45 45 89 94 94 94 94 94 94 94 94 94 94 94 94 94 94 94 97 87 87 86 45 45 45 45 45 45 45 51 64 73 73 73 73 73 73 73 73 73 73 73 73 22 22 73 73 73 73 73 73 73 56 45 45 89 94 94 94 94 94 94 94 94 
94 94 94 94 94 94 94 94 91 45 45 45 50 73 107 108 108 109 61 74 66 45 106 113 113 113 113 113 113 113 110 103 45 45 45 45 45 45 89 94 94 94 94 94 94 94 94 94 94 94 94 94 94 94 94 94 94 97 86 45 45 45 45 45 45 45 50 73 84 73 73 73 73 73 73 73 73 73 73 22 22 73 73 73 73 73 73 73 56 45 45 89 94 94 94 94 94 94 94 94 
94 94 94 94 94 94 94 94 91 45 45 45 50 76 73 73 74 73 53 78 66 45 107 108 108 108 108 108 108 108 109 45 40 45 45 45 45 45 89 94 94 94 94 94 94 94 94 94 94 94 94 94 94 94 94 94 94 94 97 87 86 45 45 45 45 45 51 63 63 64 73 73 73 73 73 73 73 73 73 22 22 73 73 73 73 78 73 73 56 45 45 89 94 94 94 94 94 94 94 94 
94 94 94 94 94 94 94 94 91 45 38 45 50 73 104 37 38 102 73 75 66 45 45 45 45 45 45 45 45 45 45 45 45 40 45 45 45 45 89 94 94 94 94 94 94 94 94 94 94 94 94 94 94 94 94 94 94 94 94 94 97 87 86 45 45 45 45 45 45 51 64 73 73 73 73 22 22 73 73 22 22 73 73 73 73 73 73 73 56 45 45 89 94 94 94 94 94 94 94 94 
94 94 94 94 94 94 94 94 91 45 45 45 50 73 104 38 38 102 59 73 66 45 104 38 103 37 103 103 103 102 45 45 45 45 45 45 45 88 98 94 94 94 94 94 94 94 94 94 94 94 94 94 94 94 94 94 94 94 94 94 94 94 97 87 87 87 87 86 45 45 51 64 73 73 73 22 22 73 73 22 22 73 73 73 73 62 63 63 57 45 45 89 94 94 94 94 94 94 94 94 
94 94 94 94 94 94 94 94 91 38 45 37 50 73 105 112 112 111 60 73 66 45 104 45 103 103 38 45 103 102 103 103 45 45 45 45 88 98 94 94 94 94 94 94 94 94 94 94 94 94 94 94 94 94 94 94 94 94 94 94 94 94 94 94 94 94 94 97 87 86 45 51 64 73 73 22 22 22 22 22 22 73 73 73 62 57 45 45 45 45 45 89 94 94 94 94 94 94 94 94 
94 94 94 94 94 94 94 94 91 45 45 45 50 76 106 113 113 110 60 73 66 45 105 112 112 112 112 112 112 111 45 45 45 45 45 45 89 94 94 94 94 94 94 94 94 94 94 94 94 94 94 94 94 94 94 94 94 94 94 94 94 94 94 94 94 94 94 94 94 91 45 45 51 63 64 22 22 22 22 22 22 73 73 62 57 45 45 45 45 45 45 89 94 94 94 94 94 94 94 94 
94 94 94 94 94 94 94 94 91 45 45 45 50 73 107 108 108 109 61 76 66 45 107 108 108 108 108 108 108 109 103 45 45 45 45 88 98 94 94 94 94 94 94 94 94 94 94 94 94 94 94 94 94 94 94 94 94 94 94 94 94 94 94 94 94 94 94 94 94 97 86 45 45 45 51 63 63 64 73 73 73 62 63 57 45 45 45 45 45 45 88 98 94 94 94 94 94 94 94 94 
94 94 94 94 94 94 94 94 97 86 41 45 51 54 54 54 54 54 63 63 57 45 45 45 45 45 45 45 45 45 45 88 87 87 87 98 94 94 94 94 94 94 94 94 94 94 94 94 94 94 94 94 94 94 94 94 94 94 94 94 94 94 94 94 94 94 94 94 94 94 97 86 45 45 45 45 45 51 63 63 63 57 45 45 45 45 45 45 88 87 98 94 94 94 94 94 94 94 94 94 
94 94 94 94 94 94 94 94 94 97 87 86 45 45 45 45 45 45 45 45 45 45 45 45 45 45 45 45 88 87 87 98 94 94 94 94 94 94 94 94 94 94 94 94 94 94 94 94 94 94 94 94 94 94 94 94 94 94 94 94 94 94 94 94 94 94 94 94 94 94 94 91 45 45 45 45 45 45 45 38 45 45 45 45 45 88 87 87 98 94 94 94 94 94 94 94 94 94 94 94 
94 94 94 94 94 94 94 94 94 94 94 97 87 87 87 87 87 87 87 87 87 87 87 87 87 87 87 87 98 94 94 94 94 94 94 94 94 94 94 94 94 94 94 94 94 94 94 94 94 94 94 94 94 94 94 94 94 94 94 94 94 94 94 94 94 94 94 94 94 94 94 97 87 87 87 87 87 87 87 87 87 87 87 87 87 98 94 94 94 94 94 94 94 94 94 94 94 94 94 94 
94 94 94 94 94 94 94 94 94 94 94 94 94 94 94 94 94 94 94 94 94 94 94 94 94 94 94 94 94 94 94 94 94 94 94 94 94 94 94 94 94 94 94 94 94 94 94 94 94 94 94 94 94 94 94 94 94 94 94 94 94 94 94 94 94 94 94 94 94 94 94 94 94 94 94 94 94 94 94 94 94 94 94 94 94 94 94 94 94 94 94 94 94 94 94 94 94 94 94 94 
94 94 94 94 94 94 94 94 94 94 94 94 94 94 94 94 94 94 94 94 94 94 94 94 94 94 94 94 94 94 94 94 94 94 94 94 94 94 94 94 94 94 94 94 94 94 94 94 94 94 94 94 94 94 94 94 94 94 94 94 94 94 94 94 94 94 94 94 94 94 94 94 94 94 94 94 94 94 94 94 94 94 94 94 94 94 94 94 94 94 94 94 94 94 94 94 94 94 94 94 
94 94 94 94 94 94 94 94 94 94 94 94 94 94 94 94 94 94 94 94 94 94 94 94 94 94 94 94 94 94 94 94 94 94 94 94 94 94 94 94 94 94 94 94 94 94 94 94 94 94 94 94 94 94 94 94 94 94 94 94 94 94 94 94 94 94 94 94 94 94 94 94 94 94 94 94 94 94 94 94 94 94 94 94 94 94 94 94 94 94 94 94 94 94 94 94 94 94 94 94 
94 94 94 94 94 94 94 94 94 94 94 94 94 94 94 94 94 94 94 94 94 94 94 94 94 94 94 94 94 94 94 94 94 94 94 94 94 94 94 94 94 94 94 94 94 94 94 94 94 94 94 94 94 94 94 94 94 94 94 94 94 94 94 94 94 94 94 94 94 94 94 94 94 94 94 94 94 94 94 94 94 94 94 94 94 94 94 94 94 94 94 94 94 94 94 94 94 94 94 94 
94 94 94 94 94 94 94 94 94 94 94 94 94 94 94 94 94 94 94 94 94 94 94 94 94 94 94 94 94 94 94 94 94 94 94 94 94 94 94 94 94 94 94 94 94 94 94 94 94 94 94 94 94 94 94 94 94 94 94 94 94 94 94 94 94 94 94 94 94 94 94 94 94 94 94 94 94 94 94 94 94 94 94 94 94 94 94 94 94 94 94 94 94 94 94 94 94 94 94 94 
94 94 94 94 94 94 94 94 94 94 94 94 94 94 94 94 94 94 94 94 94 94 94 94 94 94 94 94 94 94 94 94 94 94 94 94 94 94 94 94 94 94 94 94 94 94 94 94 94 94 94 94 94 94 94 94 94 94 94 94 94 94 94 94 94 94 94 94 94 94 94 94 94 94 94 94 94 94 94 94 94 94 94 94 94 94 94 94 94 94 94 94 94 94 94 94 94 94 94 94 
94 94 94 94 94 94 94 94 94 94 94 94 94 94 94 94 94 94 94 94 94 94 94 94 94 94 94 94 94 94 94 94 94 94 94 94 94 94 94 94 94 94 94 94 94 94 94 94 94 94 94 94 94 94 94 94 94 94 94 94 94 94 94 94 94 94 94 94 94 94 94 94 94 94 94 94 94 94 94 94 94 94 94 94 94 94 94 94 94 94 94 94 94 94 94 94 94 94 94 94 
94 94 94 94 94 94 94 94 94 94 94 94 94 94 94 94 94 94 94 94 94 94 94 94 94 94 94 94 94 94 94 94 94 94 94 94 94 94 94 94 94 94 94 94 94 94 94 94 94 94 94 94 94 94 94 94 94 94 94 94 94 94 94 94 94 94 94 94 94 94 94 94 94 94 94 94 94 94 94 94 94 94 94 94 94 94 94 94 94 94 94 94 94 94 94 94 94 94 94 94 
